1075
1105
1134
1156
1157
1158
1159
1160
1161
1162
1315
1316
1317
1320
1323
1345
1383
1397
1398
1399
1561
1620
1644
1773
1788
1789
1791
1792
2060
2087
2182
2183
2184
2185
2186
2187
2188
2189
2190
2191
2192
2193
2194
2195
2196
2197
2198
2199
2200
2261
2262
2263
2264
2265
2266
2267
2268
2269
2270
2350
2357
2411
2412
2433
2434
2435
2436
2437
2438
2565
2606
2607
2608
2609
2610
2611
2612
2613
2614
2615
2658
2676
2677
2678
2679
2740
2741
2742
2743
2744
2745
2746
2747
2748
2749
2750
2751
2752
2753
2754
2755
2756
2757
2758
2759
2760
2761
2762
2763
2788
2824
2825
2826
2827
2828
2829
2830
2831
2832
2833
2834
2835
2836
2837
2838
2839
2840
2841
2842
2843
2844
2845
2846
2847
2886
2908
2909
2910
2911
2912
2913
2914
2915
2916
2917
2918
2919
2920
2921
2922
2923
2924
2925
2926
2927
2928
2929
2930
2931
2963
2992
2993
2994
2995
2996
2997
2998
2999
3152
3153
3154
3155
3156
3157
3158
3175
3219
3220
3221
3222
3223
3224
3225
3286
3287
3288
3289
3290
3291
3292
3293
3294
3295
3296
3297
3298
3299
3300
3301
3302
3303
3304
3305
3306
3307
3308
3309
3310
3311
3312
3313
3432
3433
3434
3435
3436
3437
3438
3439
3440
3441
3442
3443
3444
3445
3446
3447
3448
3504
3509
3510
3511
3512
3573
3574
3575
3576
3577
3578
3579
3580
3581
3582
3643
3644
3645
3646
3647
3648
3649
3650
3651
3652
3653
3654
3655
3656
3657
3658
3659
3660
3661
3775
3776
3777
3778
3779
3780
3781
3842
3843
3844
3845
3846
3847
3848
3849
3850
3911
3912
3913
3974
3975
3976
3977
3978
3979
4040
4041
4042
4043
4104
4105
4106
4107
4108
4109
4110
4111
4112
4113
4114
4115
4116
4117
4118
4119
4155
4156
4179
4180
4181
4182
4183
4184
4185
4186
4187
4188
4189
4190
4191
4192
4193
4194
4195
4196
4257
4258
4259
4260
4261
4262
4263
4264
4265
4266
4267
4268
4269
4270
4271
4272
4273
4274
4275
4276
4277
4278
4279
4280
4281
4282
4283
4284
4285
4286
4287
4348
4349
4350
4351
4352
4353
4354
4355
4356
4357
4358
4359
4360
4361
4362
4363
4364
4365
4366
4367
4368
4369
4370
4371
4372
4373
4492
4493
4494
4495
4496
4497
4498
4499
4500
4501
4502
4503
4504
4505
4506
4507
4508
4509
4510
4511
4512
4513
4514
4515
4516
4517
4578
4579
4580
4581
4582
4583
4584
4585
4586
4587
4588
4589
4650
4651
4652
4653
4654
4655
4656
4657
4658
4659
4660
4661
4662
4663
4664
4665
4666
4667
4668
4669
4670
4671
4672
4673
4674
4675
4676
4677
4678
4679
4680
4741
4742
4743
4744
4745
4746
4747
4748
4749
4750
4751
4752
4871
4932
4933
4934
4935
4936
4937
4938
4939
4940
4941
4942
4943
4944
4945
4946
4947
4948
4949
4950
4951
4981
5048
5080
5091
5110
5112
5167
5182
5208
5270
5341
5530
5542
5585
5691
5692
5694
5779
5793
5873
5976
6076
